0 5.26355 0.1
0.0025 5.14631 0.1
0.005 5.02895 0.1
0.0075 4.91147 0.1
0.01 4.79387 0.1
0.0125 4.67615 0.1
0.015 4.55831 0.1
0.0175 4.44036 0.1
0.02 4.32229 0.1
0.0225 4.20411 0.1
0.025 4.08581 0.1
0.0275 3.9674 0.1
0.03 3.84887 0.1
0.0325 3.73023 0.1
0.035 3.61148 0.1
0.0375 3.49262 0.1
0.04 3.37365 0.1
0.0425 3.25457 0.1
0.045 3.13538 0.1
0.0475 3.01608 0.1
0.05 2.89668 0.1
0.0525 2.77716 0.1
0.055 2.65754 0.1
0.0575 2.53782 0.1
0.06 2.41799 0.1
0.0625 2.55769 0.1
0.065 2.53727 0.1
0.0675 2.51683 0.1
0.07 2.49638 0.1
0.0725 2.4759 0.1
0.075 2.45541 0.1
0.0775 2.43489 0.1
0.08 2.41435 0.1
0.0825 2.3938 0.1
0.085 2.37322 0.1
0.0875 2.35263 0.1
0.09 2.33201 0.1
0.0925 2.31138 0.1
0.095 2.29072 0.1
0.0975 2.27005 0.1
0.1 2.24936 0.1
0.1025 2.22864 0.1
0.105 2.20791 0.1
0.1075 2.18716 0.1
0.11 2.16639 0.1
0.1125 2.1456 0.1
0.115 2.12479 0.1
0.1175 2.10397 0.1
0.12 2.08312 0.1
0.1225 2.06226 0.1
0.125 2.04137 0.1
0.1275 2.02047 0.1
0.13 1.99955 0.1
0.1325 1.97861 0.1
0.135 1.95765 0.1
0.1375 1.93668 0.1
0.14 1.91568 0.1
0.1425 1.89467 0.1
0.145 1.87364 0.1
0.1475 1.85259 0.1
0.15 1.94038 0.1
0.1525 1.93557 0.1
0.155 1.93076 0.1
0.1575 1.92594 0.1
0.16 1.92112 0.1
0.1625 1.91629 0.1
0.165 1.91145 0.1
0.1675 1.90661 0.1
0.17 1.90176 0.1
0.1725 1.89691 0.1
0.175 1.89205 0.1
0.1775 1.88719 0.1
0.18 1.88232 0.1
0.1825 1.87744 0.1
0.185 1.87256 0.1
0.1875 1.86768 0.1
0.19 1.86278 0.1
0.1925 1.85789 0.1
0.195 1.85298 0.1
0.1975 1.84807 0.1
0.2 1.84316 0.1
0.2025 1.83824 0.1
0.205 1.83331 0.1
0.2075 1.82838 0.1
0.21 1.82345 0.1
0.2125 1.81851 0.1
0.215 1.81356 0.1
0.2175 1.80861 0.1
0.22 1.80365 0.1
0.2225 1.79868 0.1
0.225 1.79372 0.1
0.2275 1.78874 0.1
0.23 1.78376 0.1
0.2325 1.77878 0.1
0.235 1.77379 0.1
0.2375 1.76879 0.1
0.24 1.76379 0.1
0.2425 1.75878 0.1
0.245 1.75377 0.1
0.2475 1.74875 0.1
0.25 1.74373 0.1
0.2525 1.7387 0.1
0.255 1.73367 0.1
0.2575 1.72863 0.1
0.26 1.72359 0.1
0.2625 1.71854 0.1
0.265 1.71349 0.1
0.2675 1.70843 0.1
0.27 1.70336 0.1
0.2725 1.71511 0.1
0.275 1.71342 0.1
0.2775 1.71173 0.1
0.28 1.71003 0.1
0.2825 1.70834 0.1
0.285 1.70664 0.1
0.2875 1.70493 0.1
0.29 1.70323 0.1
0.2925 1.70152 0.1
0.295 1.69981 0.1
0.2975 1.6981 0.1
0.3 1.69638 0.1
0.3025 1.69466 0.1
0.305 1.69294 0.1
0.3075 1.69121 0.1
0.31 1.68948 0.1
0.3125 1.68775 0.1
0.315 1.68602 0.1
0.3175 1.68428 0.1
0.32 1.68255 0.1
0.3225 1.6808 0.1
0.325 1.67906 0.1
0.3275 1.67731 0.1
0.33 1.67556 0.1
0.3325 1.67381 0.1
0.335 1.67205 0.1
0.3375 1.67029 0.1
0.34 1.66853 0.1
0.3425 1.66677 0.1
0.345 1.665 0.1
0.3475 1.66323 0.1
0.35 1.66146 0.1
0.3525 1.65968 0.1
0.355 1.65791 0.1
0.3575 1.65613 0.1
0.36 1.65434 0.1
0.3625 1.65256 0.1
0.365 1.65077 0.1
0.3675 1.64898 0.1
0.37 1.64718 0.1
0.3725 1.64538 0.1
0.375 1.64358 0.1
0.3775 1.64178 0.1
0.38 1.63998 0.1
0.3825 1.63817 0.1
0.385 1.63636 0.1
0.3875 1.63455 0.1
0.39 1.63273 0.1
0.3925 1.63091 0.1
0.395 1.62909 0.1
0.3975 1.62726 0.1
0.4 1.62544 0.1
0.4025 1.62361 0.1
0.405 1.62178 0.1
0.4075 1.61994 0.1
0.41 1.6181 0.1
0.4125 1.61626 0.1
0.415 1.61442 0.1
0.4175 1.61257 0.1
0.42 1.61073 0.1
0.4225 1.61369 0.1
0.425 1.61322 0.1
0.4275 1.61274 0.1
0.43 1.61226 0.1
0.4325 1.61178 0.1
0.435 1.61129 0.1
0.4375 1.61081 0.1
0.44 1.61032 0.1
0.4425 1.60983 0.1
0.445 1.60934 0.1
0.4475 1.60885 0.1
0.45 1.60836 0.1
0.4525 1.60786 0.1
0.455 1.60736 0.1
0.4575 1.60686 0.1
0.46 1.60636 0.1
0.4625 1.60586 0.1
0.465 1.60535 0.1
0.4675 1.60484 0.1
0.47 1.60434 0.1
0.4725 1.60382 0.1
0.475 1.60331 0.1
0.4775 1.6028 0.1
0.48 1.60228 0.1
0.4825 1.60176 0.1
0.485 1.60124 0.1
0.4875 1.60072 0.1
0.49 1.6002 0.1
0.4925 1.59967 0.1
0.495 1.59914 0.1
0.4975 1.59861 0.1
0.5 1.59808 0.1
0.5025 1.59755 0.1
0.505 1.59702 0.1
0.5075 1.59648 0.1
0.51 1.59594 0.1
0.5125 1.5954 0.1
0.515 1.59486 0.1
0.5175 1.59431 0.1
0.52 1.59377 0.1
0.5225 1.59322 0.1
0.525 1.59267 0.1
0.5275 1.59212 0.1
0.53 1.59157 0.1
0.5325 1.59101 0.1
0.535 1.59045 0.1
0.5375 1.58989 0.1
0.54 1.58933 0.1
0.5425 1.58877 0.1
0.545 1.58821 0.1
0.5475 1.58764 0.1
0.55 1.58707 0.1
0.5525 1.5865 0.1
0.555 1.58593 0.1
0.5575 1.58536 0.1
0.56 1.58478 0.1
0.5625 1.58421 0.1
0.565 1.58363 0.1
0.5675 1.58305 0.1
0.57 1.58246 0.1
0.5725 1.58188 0.1
0.575 1.58129 0.1
0.5775 1.5807 0.1
0.58 1.57801 0.1
0.5825 1.57866 0.1
0.585 1.57931 0.1
0.5875 1.57996 0.1
0.59 1.58061 0.1
0.5925 1.58125 0.1
0.595 1.5819 0.1
0.5975 1.58254 0.1
0.6 1.58318 0.1
0.6025 1.58383 0.1
0.605 1.58446 0.1
0.6075 1.5851 0.1
0.61 1.58574 0.1
0.6125 1.58637 0.1
0.615 1.58701 0.1
0.6175 1.58764 0.1
0.62 1.58827 0.1
0.6225 1.5889 0.1
0.625 1.58953 0.1
0.6275 1.59016 0.1
0.63 1.59079 0.1
0.6325 1.59141 0.1
0.635 1.59203 0.1
0.6375 1.59265 0.1
0.64 1.59328 0.1
0.6425 1.59389 0.1
0.645 1.59451 0.1
0.6475 1.59513 0.1
0.65 1.59574 0.1
0.6525 1.59636 0.1
0.655 1.59697 0.1
0.6575 1.59758 0.1
0.66 1.59819 0.1
0.6625 1.5988 0.1
0.665 1.59941 0.1
0.6675 1.60001 0.1
0.67 1.60061 0.1
0.6725 1.60122 0.1
0.675 1.60182 0.1
0.6775 1.60242 0.1
0.68 1.60302 0.1
0.6825 1.60361 0.1
0.685 1.60421 0.1
0.6875 1.6048 0.1
0.69 1.6054 0.1
0.6925 1.60599 0.1
0.695 1.60658 0.1
0.6975 1.60717 0.1
0.7 1.60775 0.1
0.7025 1.60834 0.1
0.705 1.60892 0.1
0.7075 1.60951 0.1
0.71 1.61009 0.1
0.7125 1.61067 0.1
0.715 1.61125 0.1
0.7175 1.61182 0.1
0.72 1.6124 0.1
0.7225 1.61297 0.1
0.725 1.61354 0.1
0.7275 1.61412 0.1
0.73 1.60323 0.1
0.7325 1.60656 0.1
0.735 1.60989 0.1
0.7375 1.61322 0.1
0.74 1.61655 0.1
0.7425 1.61988 0.1
0.745 1.62321 0.1
0.7475 1.62654 0.1
0.75 1.62986 0.1
0.7525 1.63319 0.1
0.755 1.63651 0.1
0.7575 1.63984 0.1
0.76 1.64316 0.1
0.7625 1.64648 0.1
0.765 1.6498 0.1
0.7675 1.65312 0.1
0.77 1.65644 0.1
0.7725 1.65976 0.1
0.775 1.66308 0.1
0.7775 1.6664 0.1
0.78 1.66971 0.1
0.7825 1.67303 0.1
0.785 1.67634 0.1
0.7875 1.67966 0.1
0.79 1.68297 0.1
0.7925 1.68628 0.1
0.795 1.68959 0.1
0.7975 1.6929 0.1
0.8 1.69621 0.1
0.8025 1.69951 0.1
0.805 1.70282 0.1
0.8075 1.70613 0.1
0.81 1.70943 0.1
0.8125 1.71273 0.1
0.815 1.71603 0.1
0.8175 1.71934 0.1
0.82 1.72264 0.1
0.8225 1.72593 0.1
0.825 1.72923 0.1
0.8275 1.73253 0.1
0.83 1.73582 0.1
0.8325 1.73912 0.1
0.835 1.74241 0.1
0.8375 1.7457 0.1
0.84 1.74899 0.1
0.8425 1.75228 0.1
0.845 1.75557 0.1
0.8475 1.75886 0.1
0.85 1.76214 0.1
0.8525 1.68982 0.1
0.855 1.70647 0.1
0.8575 1.72313 0.1
0.86 1.73978 0.1
0.8625 1.75644 0.1
0.865 1.77309 0.1
0.8675 1.78975 0.1
0.87 1.80641 0.1
0.8725 1.82307 0.1
0.875 1.83972 0.1
0.8775 1.85638 0.1
0.88 1.87304 0.1
0.8825 1.8897 0.1
0.885 1.90636 0.1
0.8875 1.92303 0.1
0.89 1.93969 0.1
0.8925 1.95635 0.1
0.895 1.97301 0.1
0.8975 1.98967 0.1
0.9 2.00633 0.1
0.9025 2.02299 0.1
0.905 2.03965 0.1
0.9075 2.05631 0.1
0.91 2.07298 0.1
0.9125 2.08964 0.1
0.915 2.1063 0.1
0.9175 2.12295 0.1
0.92 2.13961 0.1
0.9225 2.15627 0.1
0.925 2.17293 0.1
0.9275 2.18959 0.1
0.93 2.20624 0.1
0.9325 2.2229 0.1
0.935 2.23955 0.1
0.9375 2.2562 0.1
0.94 2.14168 0.1
0.9425 2.24189 0.1
0.945 2.3421 0.1
0.9475 2.44232 0.1
0.95 2.54254 0.1
0.9525 2.64276 0.1
0.955 2.74299 0.1
0.9575 2.84323 0.1
0.96 2.94346 0.1
0.9625 3.04369 0.1
0.965 3.14393 0.1
0.9675 3.24417 0.1
0.97 3.3444 0.1
0.9725 3.44463 0.1
0.975 3.54487 0.1
0.9775 3.6451 0.1
0.98 3.74532 0.1
0.9825 3.84554 0.1
0.985 3.94576 0.1
0.9875 4.04598 0.1
0.99 4.14618 0.1
0.9925 4.24638 0.1
0.995 4.34658 0.1
0.9975 4.44677 0.1
1 4.54694 0.1
0 15.7909 0.1
0.0025 15.4534 0.1
0.005 15.1149 0.1
0.0075 14.7753 0.1
0.01 14.4347 0.1
0.0125 14.0931 0.1
0.015 13.7504 0.1
0.0175 13.4067 0.1
0.02 13.062 0.1
0.0225 12.7162 0.1
0.025 12.3695 0.1
0.0275 12.0217 0.1
0.03 11.6729 0.1
0.0325 11.3231 0.1
0.035 10.9723 0.1
0.0375 10.6205 0.1
0.04 10.2677 0.1
0.0425 9.91386 0.1
0.045 9.55907 0.1
0.0475 9.2033 0.1
0.05 8.84655 0.1
0.0525 8.48882 0.1
0.055 8.13012 0.1
0.0575 7.77045 0.1
0.06 7.40981 0.1
0.0625 7.84477 0.1
0.065 7.78875 0.1
0.0675 7.73255 0.1
0.07 7.67618 0.1
0.0725 7.61964 0.1
0.075 7.56292 0.1
0.0775 7.50603 0.1
0.08 7.44897 0.1
0.0825 7.39173 0.1
0.085 7.33432 0.1
0.0875 7.27674 0.1
0.09 7.21898 0.1
0.0925 7.16105 0.1
0.095 7.10295 0.1
0.0975 7.04468 0.1
0.1 6.98623 0.1
0.1025 6.92761 0.1
0.105 6.86882 0.1
0.1075 6.80986 0.1
0.11 6.75072 0.1
0.1125 6.69141 0.1
0.115 6.63193 0.1
0.1175 6.57228 0.1
0.12 6.51246 0.1
0.1225 6.45246 0.1
0.125 6.3923 0.1
0.1275 6.33196 0.1
0.13 6.27145 0.1
0.1325 6.21078 0.1
0.135 6.14993 0.1
0.1375 6.08891 0.1
0.14 6.02772 0.1
0.1425 5.96636 0.1
0.145 5.90484 0.1
0.1475 5.84314 0.1
0.15 6.125 0.1
0.1525 6.11468 0.1
0.155 6.10431 0.1
0.1575 6.09389 0.1
0.16 6.08342 0.1
0.1625 6.07291 0.1
0.165 6.06236 0.1
0.1675 6.05176 0.1
0.17 6.04111 0.1
0.1725 6.03042 0.1
0.175 6.01968 0.1
0.1775 6.00889 0.1
0.18 5.99806 0.1
0.1825 5.98718 0.1
0.185 5.97625 0.1
0.1875 5.96528 0.1
0.19 5.95426 0.1
0.1925 5.9432 0.1
0.195 5.93209 0.1
0.1975 5.92093 0.1
0.2 5.90972 0.1
0.2025 5.89847 0.1
0.205 5.88718 0.1
0.2075 5.87583 0.1
0.21 5.86444 0.1
0.2125 5.853 0.1
0.215 5.84152 0.1
0.2175 5.82999 0.1
0.22 5.81841 0.1
0.2225 5.80679 0.1
0.225 5.79511 0.1
0.2275 5.78339 0.1
0.23 5.77163 0.1
0.2325 5.75982 0.1
0.235 5.74796 0.1
0.2375 5.73605 0.1
0.24 5.7241 0.1
0.2425 5.7121 0.1
0.245 5.70005 0.1
0.2475 5.68796 0.1
0.25 5.67581 0.1
0.2525 5.66362 0.1
0.255 5.65139 0.1
0.2575 5.63911 0.1
0.26 5.62678 0.1
0.2625 5.6144 0.1
0.265 5.60197 0.1
0.2675 5.5895 0.1
0.27 5.57698 0.1
0.2725 5.61958 0.1
0.275 5.61812 0.1
0.2775 5.61663 0.1
0.28 5.61513 0.1
0.2825 5.6136 0.1
0.285 5.61204 0.1
0.2875 5.61047 0.1
0.29 5.60887 0.1
0.2925 5.60725 0.1
0.295 5.60561 0.1
0.2975 5.60395 0.1
0.3 5.60226 0.1
0.3025 5.60055 0.1
0.305 5.59882 0.1
0.3075 5.59706 0.1
0.31 5.59529 0.1
0.3125 5.59348 0.1
0.315 5.59166 0.1
0.3175 5.58982 0.1
0.32 5.58795 0.1
0.3225 5.58605 0.1
0.325 5.58414 0.1
0.3275 5.5822 0.1
0.33 5.58024 0.1
0.3325 5.57825 0.1
0.335 5.57625 0.1
0.3375 5.57422 0.1
0.34 5.57216 0.1
0.3425 5.57008 0.1
0.345 5.56798 0.1
0.3475 5.56586 0.1
0.35 5.56371 0.1
0.3525 5.56154 0.1
0.355 5.55934 0.1
0.3575 5.55712 0.1
0.36 5.55488 0.1
0.3625 5.55261 0.1
0.365 5.55032 0.1
0.3675 5.54801 0.1
0.37 5.54567 0.1
0.3725 5.54331 0.1
0.375 5.54092 0.1
0.3775 5.53851 0.1
0.38 5.53608 0.1
0.3825 5.53362 0.1
0.385 5.53114 0.1
0.3875 5.52863 0.1
0.39 5.5261 0.1
0.3925 5.52354 0.1
0.395 5.52096 0.1
0.3975 5.51836 0.1
0.4 5.51573 0.1
0.4025 5.51308 0.1
0.405 5.5104 0.1
0.4075 5.5077 0.1
0.41 5.50497 0.1
0.4125 5.50222 0.1
0.415 5.49945 0.1
0.4175 5.49665 0.1
0.42 5.49382 0.1
0.4225 5.50746 0.1
0.425 5.50931 0.1
0.4275 5.51114 0.1
0.43 5.51296 0.1
0.4325 5.51475 0.1
0.435 5.51654 0.1
0.4375 5.51831 0.1
0.44 5.52006 0.1
0.4425 5.5218 0.1
0.445 5.52352 0.1
0.4475 5.52523 0.1
0.45 5.52692 0.1
0.4525 5.52859 0.1
0.455 5.53025 0.1
0.4575 5.53189 0.1
0.46 5.53351 0.1
0.4625 5.53512 0.1
0.465 5.53672 0.1
0.4675 5.53829 0.1
0.47 5.53985 0.1
0.4725 5.5414 0.1
0.475 5.54292 0.1
0.4775 5.54444 0.1
0.48 5.54593 0.1
0.4825 5.54741 0.1
0.485 5.54887 0.1
0.4875 5.55031 0.1
0.49 5.55174 0.1
0.4925 5.55315 0.1
0.495 5.55454 0.1
0.4975 5.55592 0.1
0.5 5.55728 0.1
0.5025 5.55862 0.1
0.505 5.55995 0.1
0.5075 5.56125 0.1
0.51 5.56254 0.1
0.5125 5.56382 0.1
0.515 5.56507 0.1
0.5175 5.56631 0.1
0.52 5.56753 0.1
0.5225 5.56874 0.1
0.525 5.56992 0.1
0.5275 5.57109 0.1
0.53 5.57224 0.1
0.5325 5.57337 0.1
0.535 5.57449 0.1
0.5375 5.57558 0.1
0.54 5.57666 0.1
0.5425 5.57772 0.1
0.545 5.57877 0.1
0.5475 5.57979 0.1
0.55 5.5808 0.1
0.5525 5.58179 0.1
0.555 5.58276 0.1
0.5575 5.58371 0.1
0.56 5.58464 0.1
0.5625 5.58556 0.1
0.565 5.58645 0.1
0.5675 5.58733 0.1
0.57 5.58819 0.1
0.5725 5.58903 0.1
0.575 5.58985 0.1
0.5775 5.59066 0.1
0.58 5.58401 0.1
0.5825 5.58918 0.1
0.585 5.59434 0.1
0.5875 5.59948 0.1
0.59 5.60461 0.1
0.5925 5.60973 0.1
0.595 5.61483 0.1
0.5975 5.61993 0.1
0.6 5.62501 0.1
0.6025 5.63007 0.1
0.605 5.63513 0.1
0.6075 5.64017 0.1
0.61 5.6452 0.1
0.6125 5.65021 0.1
0.615 5.65522 0.1
0.6175 5.6602 0.1
0.62 5.66518 0.1
0.6225 5.67014 0.1
0.625 5.67509 0.1
0.6275 5.68002 0.1
0.63 5.68494 0.1
0.6325 5.68985 0.1
0.635 5.69474 0.1
0.6375 5.69962 0.1
0.64 5.70449 0.1
0.6425 5.70934 0.1
0.645 5.71417 0.1
0.6475 5.719 0.1
0.65 5.72381 0.1
0.6525 5.7286 0.1
0.655 5.73338 0.1
0.6575 5.73814 0.1
0.66 5.74289 0.1
0.6625 5.74763 0.1
0.665 5.75235 0.1
0.6675 5.75705 0.1
0.67 5.76174 0.1
0.6725 5.76642 0.1
0.675 5.77108 0.1
0.6775 5.77572 0.1
0.68 5.78035 0.1
0.6825 5.78497 0.1
0.685 5.78956 0.1
0.6875 5.79415 0.1
0.69 5.79871 0.1
0.6925 5.80327 0.1
0.695 5.8078 0.1
0.6975 5.81232 0.1
0.7 5.81683 0.1
0.7025 5.82131 0.1
0.705 5.82579 0.1
0.7075 5.83024 0.1
0.71 5.83468 0.1
0.7125 5.83911 0.1
0.715 5.84351 0.1
0.7175 5.8479 0.1
0.72 5.85228 0.1
0.7225 5.85664 0.1
0.725 5.86098 0.1
0.7275 5.8653 0.1
0.73 5.82793 0.1
0.7325 5.84226 0.1
0.735 5.85658 0.1
0.7375 5.8709 0.1
0.74 5.8852 0.1
0.7425 5.8995 0.1
0.745 5.91379 0.1
0.7475 5.92807 0.1
0.75 5.94235 0.1
0.7525 5.95661 0.1
0.755 5.97087 0.1
0.7575 5.98512 0.1
0.76 5.99936 0.1
0.7625 6.01359 0.1
0.765 6.02781 0.1
0.7675 6.04202 0.1
0.77 6.05622 0.1
0.7725 6.07041 0.1
0.775 6.08459 0.1
0.7775 6.09876 0.1
0.78 6.11292 0.1
0.7825 6.12707 0.1
0.785 6.14121 0.1
0.7875 6.15533 0.1
0.79 6.16945 0.1
0.7925 6.18355 0.1
0.795 6.19765 0.1
0.7975 6.21173 0.1
0.8 6.2258 0.1
0.8025 6.23985 0.1
0.805 6.2539 0.1
0.8075 6.26793 0.1
0.81 6.28195 0.1
0.8125 6.29596 0.1
0.815 6.30995 0.1
0.8175 6.32393 0.1
0.82 6.3379 0.1
0.8225 6.35185 0.1
0.825 6.36579 0.1
0.8275 6.37972 0.1
0.83 6.39363 0.1
0.8325 6.40753 0.1
0.835 6.42141 0.1
0.8375 6.43528 0.1
0.84 6.44914 0.1
0.8425 6.46298 0.1
0.845 6.4768 0.1
0.8475 6.49061 0.1
0.85 6.5044 0.1
0.8525 6.23894 0.1
0.855 6.30201 0.1
0.8575 6.3651 0.1
0.86 6.4282 0.1
0.8625 6.49132 0.1
0.865 6.55445 0.1
0.8675 6.61759 0.1
0.87 6.68074 0.1
0.8725 6.7439 0.1
0.875 6.80707 0.1
0.8775 6.87025 0.1
0.88 6.93343 0.1
0.8825 6.99662 0.1
0.885 7.05982 0.1
0.8875 7.12302 0.1
0.89 7.18622 0.1
0.8925 7.24943 0.1
0.895 7.31264 0.1
0.8975 7.37585 0.1
0.9 7.43906 0.1
0.9025 7.50227 0.1
0.905 7.56548 0.1
0.9075 7.62868 0.1
0.91 7.69188 0.1
0.9125 7.75508 0.1
0.915 7.81827 0.1
0.9175 7.88146 0.1
0.92 7.94464 0.1
0.9225 8.00781 0.1
0.925 8.07098 0.1
0.9275 8.13413 0.1
0.93 8.19728 0.1
0.9325 8.26041 0.1
0.935 8.32353 0.1
0.9375 8.38664 0.1
0.94 7.96182 0.1
0.9425 8.33554 0.1
0.945 8.70934 0.1
0.9475 9.08321 0.1
0.95 9.45714 0.1
0.9525 9.83112 0.1
0.955 10.2051 0.1
0.9575 10.5792 0.1
0.96 10.9533 0.1
0.9625 11.3274 0.1
0.965 11.7015 0.1
0.9675 12.0756 0.1
0.97 12.4497 0.1
0.9725 12.8238 0.1
0.975 13.1979 0.1
0.9775 13.5719 0.1
0.98 13.9459 0.1
0.9825 14.3199 0.1
0.985 14.6937 0.1
0.9875 15.0675 0.1
0.99 15.4413 0.1
0.9925 15.8149 0.1
0.995 16.1885 0.1
0.9975 16.5619 0.1
1 16.9352 0.1
0 5.26355 0.1
0.0025 5.14631 0.1
0.005 5.02895 0.1
0.0075 4.91147 0.1
0.01 4.79387 0.1
0.0125 4.67615 0.1
0.015 4.55831 0.1
0.0175 4.44036 0.1
0.02 4.32229 0.1
0.0225 4.20411 0.1
0.025 4.08581 0.1
0.0275 3.9674 0.1
0.03 3.84887 0.1
0.0325 3.73023 0.1
0.035 3.61148 0.1
0.0375 3.49262 0.1
0.04 3.37365 0.1
0.0425 3.25457 0.1
0.045 3.13538 0.1
0.0475 3.01608 0.1
0.05 2.89668 0.1
0.0525 2.77716 0.1
0.055 2.65754 0.1
0.0575 2.53782 0.1
0.06 2.41799 0.1
0.0625 2.55769 0.1
0.065 2.53727 0.1
0.0675 2.51683 0.1
0.07 2.49638 0.1
0.0725 2.4759 0.1
0.075 2.45541 0.1
0.0775 2.43489 0.1
0.08 2.41435 0.1
0.0825 2.3938 0.1
0.085 2.37322 0.1
0.0875 2.35263 0.1
0.09 2.33201 0.1
0.0925 2.31138 0.1
0.095 2.29072 0.1
0.0975 2.27005 0.1
0.1 2.24936 0.1
0.1025 2.22864 0.1
0.105 2.20791 0.1
0.1075 2.18716 0.1
0.11 2.16639 0.1
0.1125 2.1456 0.1
0.115 2.12479 0.1
0.1175 2.10397 0.1
0.12 2.08312 0.1
0.1225 2.06226 0.1
0.125 2.04137 0.1
0.1275 2.02047 0.1
0.13 1.99955 0.1
0.1325 1.97861 0.1
0.135 1.95765 0.1
0.1375 1.93668 0.1
0.14 1.91568 0.1
0.1425 1.89467 0.1
0.145 1.87364 0.1
0.1475 1.85259 0.1
0.15 1.94038 0.1
0.1525 1.93557 0.1
0.155 1.93076 0.1
0.1575 1.92594 0.1
0.16 1.92112 0.1
0.1625 1.91629 0.1
0.165 1.91145 0.1
0.1675 1.90661 0.1
0.17 1.90176 0.1
0.1725 1.89691 0.1
0.175 1.89205 0.1
0.1775 1.88719 0.1
0.18 1.88232 0.1
0.1825 1.87744 0.1
0.185 1.87256 0.1
0.1875 1.86768 0.1
0.19 1.86278 0.1
0.1925 1.85789 0.1
0.195 1.85298 0.1
0.1975 1.84807 0.1
0.2 1.84316 0.1
0.2025 1.83824 0.1
0.205 1.83331 0.1
0.2075 1.82838 0.1
0.21 1.82345 0.1
0.2125 1.81851 0.1
0.215 1.81356 0.1
0.2175 1.80861 0.1
0.22 1.80365 0.1
0.2225 1.79868 0.1
0.225 1.79372 0.1
0.2275 1.78874 0.1
0.23 1.78376 0.1
0.2325 1.77878 0.1
0.235 1.77379 0.1
0.2375 1.76879 0.1
0.24 1.76379 0.1
0.2425 1.75878 0.1
0.245 1.75377 0.1
0.2475 1.74875 0.1
0.25 1.74373 0.1
0.2525 1.7387 0.1
0.255 1.73367 0.1
0.2575 1.72863 0.1
0.26 1.72359 0.1
0.2625 1.71854 0.1
0.265 1.71349 0.1
0.2675 1.70843 0.1
0.27 1.70336 0.1
0.2725 1.71511 0.1
0.275 1.71342 0.1
0.2775 1.71173 0.1
0.28 1.71003 0.1
0.2825 1.70834 0.1
0.285 1.70664 0.1
0.2875 1.70493 0.1
0.29 1.70323 0.1
0.2925 1.70152 0.1
0.295 1.69981 0.1
0.2975 1.6981 0.1
0.3 1.69638 0.1
0.3025 1.69466 0.1
0.305 1.69294 0.1
0.3075 1.69121 0.1
0.31 1.68948 0.1
0.3125 1.68775 0.1
0.315 1.68602 0.1
0.3175 1.68428 0.1
0.32 1.68255 0.1
0.3225 1.6808 0.1
0.325 1.67906 0.1
0.3275 1.67731 0.1
0.33 1.67556 0.1
0.3325 1.67381 0.1
0.335 1.67205 0.1
0.3375 1.67029 0.1
0.34 1.66853 0.1
0.3425 1.66677 0.1
0.345 1.665 0.1
0.3475 1.66323 0.1
0.35 1.66146 0.1
0.3525 1.65968 0.1
0.355 1.65791 0.1
0.3575 1.65613 0.1
0.36 1.65434 0.1
0.3625 1.65256 0.1
0.365 1.65077 0.1
0.3675 1.64898 0.1
0.37 1.64718 0.1
0.3725 1.64538 0.1
0.375 1.64358 0.1
0.3775 1.64178 0.1
0.38 1.63998 0.1
0.3825 1.63817 0.1
0.385 1.63636 0.1
0.3875 1.63455 0.1
0.39 1.63273 0.1
0.3925 1.63091 0.1
0.395 1.62909 0.1
0.3975 1.62726 0.1
0.4 1.62544 0.1
0.4025 1.62361 0.1
0.405 1.62178 0.1
0.4075 1.61994 0.1
0.41 1.6181 0.1
0.4125 1.61626 0.1
0.415 1.61442 0.1
0.4175 1.61257 0.1
0.42 1.61073 0.1
0.4225 1.61369 0.1
0.425 1.61322 0.1
0.4275 1.61274 0.1
0.43 1.61226 0.1
0.4325 1.61178 0.1
0.435 1.61129 0.1
0.4375 1.61081 0.1
0.44 1.61032 0.1
0.4425 1.60983 0.1
0.445 1.60934 0.1
0.4475 1.60885 0.1
0.45 1.60836 0.1
0.4525 1.60786 0.1
0.455 1.60736 0.1
0.4575 1.60686 0.1
0.46 1.60636 0.1
0.4625 1.60586 0.1
0.465 1.60535 0.1
0.4675 1.60484 0.1
0.47 1.60434 0.1
0.4725 1.60382 0.1
0.475 1.60331 0.1
0.4775 1.6028 0.1
0.48 1.60228 0.1
0.4825 1.60176 0.1
0.485 1.60124 0.1
0.4875 1.60072 0.1
0.49 1.6002 0.1
0.4925 1.59967 0.1
0.495 1.59914 0.1
0.4975 1.59861 0.1
0.5 1.59808 0.1
0.5025 1.59755 0.1
0.505 1.59702 0.1
0.5075 1.59648 0.1
0.51 1.59594 0.1
0.5125 1.5954 0.1
0.515 1.59486 0.1
0.5175 1.59431 0.1
0.52 1.59377 0.1
0.5225 1.59322 0.1
0.525 1.59267 0.1
0.5275 1.59212 0.1
0.53 1.59157 0.1
0.5325 1.59101 0.1
0.535 1.59045 0.1
0.5375 1.58989 0.1
0.54 1.58933 0.1
0.5425 1.58877 0.1
0.545 1.58821 0.1
0.5475 1.58764 0.1
0.55 1.58707 0.1
0.5525 1.5865 0.1
0.555 1.58593 0.1
0.5575 1.58536 0.1
0.56 1.58478 0.1
0.5625 1.58421 0.1
0.565 1.58363 0.1
0.5675 1.58305 0.1
0.57 1.58246 0.1
0.5725 1.58188 0.1
0.575 1.58129 0.1
0.5775 1.5807 0.1
0.58 1.57801 0.1
0.5825 1.57866 0.1
0.585 1.57931 0.1
0.5875 1.57996 0.1
0.59 1.58061 0.1
0.5925 1.58125 0.1
0.595 1.5819 0.1
0.5975 1.58254 0.1
0.6 1.58318 0.1
0.6025 1.58383 0.1
0.605 1.58446 0.1
0.6075 1.5851 0.1
0.61 1.58574 0.1
0.6125 1.58637 0.1
0.615 1.58701 0.1
0.6175 1.58764 0.1
0.62 1.58827 0.1
0.6225 1.5889 0.1
0.625 1.58953 0.1
0.6275 1.59016 0.1
0.63 1.59079 0.1
0.6325 1.59141 0.1
0.635 1.59203 0.1
0.6375 1.59265 0.1
0.64 1.59328 0.1
0.6425 1.59389 0.1
0.645 1.59451 0.1
0.6475 1.59513 0.1
0.65 1.59574 0.1
0.6525 1.59636 0.1
0.655 1.59697 0.1
0.6575 1.59758 0.1
0.66 1.59819 0.1
0.6625 1.5988 0.1
0.665 1.59941 0.1
0.6675 1.60001 0.1
0.67 1.60061 0.1
0.6725 1.60122 0.1
0.675 1.60182 0.1
0.6775 1.60242 0.1
0.68 1.60302 0.1
0.6825 1.60361 0.1
0.685 1.60421 0.1
0.6875 1.6048 0.1
0.69 1.6054 0.1
0.6925 1.60599 0.1
0.695 1.60658 0.1
0.6975 1.60717 0.1
0.7 1.60775 0.1
0.7025 1.60834 0.1
0.705 1.60892 0.1
0.7075 1.60951 0.1
0.71 1.61009 0.1
0.7125 1.61067 0.1
0.715 1.61125 0.1
0.7175 1.61182 0.1
0.72 1.6124 0.1
0.7225 1.61297 0.1
0.725 1.61354 0.1
0.7275 1.61412 0.1
0.73 1.60323 0.1
0.7325 1.60656 0.1
0.735 1.60989 0.1
0.7375 1.61322 0.1
0.74 1.61655 0.1
0.7425 1.61988 0.1
0.745 1.62321 0.1
0.7475 1.62654 0.1
0.75 1.62986 0.1
0.7525 1.63319 0.1
0.755 1.63651 0.1
0.7575 1.63984 0.1
0.76 1.64316 0.1
0.7625 1.64648 0.1
0.765 1.6498 0.1
0.7675 1.65312 0.1
0.77 1.65644 0.1
0.7725 1.65976 0.1
0.775 1.66308 0.1
0.7775 1.6664 0.1
0.78 1.66971 0.1
0.7825 1.67303 0.1
0.785 1.67634 0.1
0.7875 1.67966 0.1
0.79 1.68297 0.1
0.7925 1.68628 0.1
0.795 1.68959 0.1
0.7975 1.6929 0.1
0.8 1.69621 0.1
0.8025 1.69951 0.1
0.805 1.70282 0.1
0.8075 1.70613 0.1
0.81 1.70943 0.1
0.8125 1.71273 0.1
0.815 1.71603 0.1
0.8175 1.71934 0.1
0.82 1.72264 0.1
0.8225 1.72593 0.1
0.825 1.72923 0.1
0.8275 1.73253 0.1
0.83 1.73582 0.1
0.8325 1.73912 0.1
0.835 1.74241 0.1
0.8375 1.7457 0.1
0.84 1.74899 0.1
0.8425 1.75228 0.1
0.845 1.75557 0.1
0.8475 1.75886 0.1
0.85 1.76214 0.1
0.8525 1.68982 0.1
0.855 1.70647 0.1
0.8575 1.72313 0.1
0.86 1.73978 0.1
0.8625 1.75644 0.1
0.865 1.77309 0.1
0.8675 1.78975 0.1
0.87 1.80641 0.1
0.8725 1.82307 0.1
0.875 1.83972 0.1
0.8775 1.85638 0.1
0.88 1.87304 0.1
0.8825 1.8897 0.1
0.885 1.90636 0.1
0.8875 1.92303 0.1
0.89 1.93969 0.1
0.8925 1.95635 0.1
0.895 1.97301 0.1
0.8975 1.98967 0.1
0.9 2.00633 0.1
0.9025 2.02299 0.1
0.905 2.03965 0.1
0.9075 2.05631 0.1
0.91 2.07298 0.1
0.9125 2.08964 0.1
0.915 2.1063 0.1
0.9175 2.12295 0.1
0.92 2.13961 0.1
0.9225 2.15627 0.1
0.925 2.17293 0.1
0.9275 2.18959 0.1
0.93 2.20624 0.1
0.9325 2.2229 0.1
0.935 2.23955 0.1
0.9375 2.2562 0.1
0.94 2.14168 0.1
0.9425 2.24189 0.1
0.945 2.3421 0.1
0.9475 2.44232 0.1
0.95 2.54254 0.1
0.9525 2.64276 0.1
0.955 2.74299 0.1
0.9575 2.84323 0.1
0.96 2.94346 0.1
0.9625 3.04369 0.1
0.965 3.14393 0.1
0.9675 3.24417 0.1
0.97 3.3444 0.1
0.9725 3.44463 0.1
0.975 3.54487 0.1
0.9775 3.6451 0.1
0.98 3.74532 0.1
0.9825 3.84554 0.1
0.985 3.94576 0.1
0.9875 4.04598 0.1
0.99 4.14618 0.1
0.9925 4.24638 0.1
0.995 4.34658 0.1
0.9975 4.44677 0.1
1 4.54694 0.1
0 16.0561 0.1
0.0025 15.6915 0.1
0.005 15.3257 0.1
0.0075 14.9587 0.1
0.01 14.5907 0.1
0.0125 14.2216 0.1
0.015 13.8514 0.1
0.0175 13.4801 0.1
0.02 13.1078 0.1
0.0225 12.7343 0.1
0.025 12.3597 0.1
0.0275 11.9841 0.1
0.03 11.6074 0.1
0.0325 11.2296 0.1
0.035 10.8508 0.1
0.0375 10.4709 0.1
0.04 10.09 0.1
0.0425 9.70796 0.1
0.045 9.3249 0.1
0.0475 8.94081 0.1
0.05 8.55567 0.1
0.0525 8.1695 0.1
0.055 7.7823 0.1
0.0575 7.39407 0.1
0.06 7.00482 0.1
0.0625 7.67671 0.1
0.065 7.62387 0.1
0.0675 7.57086 0.1
0.07 7.51769 0.1
0.0725 7.46436 0.1
0.075 7.41086 0.1
0.0775 7.3572 0.1
0.08 7.30338 0.1
0.0825 7.24939 0.1
0.085 7.19524 0.1
0.0875 7.14093 0.1
0.09 7.08646 0.1
0.0925 7.03183 0.1
0.095 6.97703 0.1
0.0975 6.92207 0.1
0.1 6.86695 0.1
0.1025 6.81167 0.1
0.105 6.75622 0.1
0.1075 6.70062 0.1
0.11 6.64485 0.1
0.1125 6.58892 0.1
0.115 6.53283 0.1
0.1175 6.47658 0.1
0.12 6.42017 0.1
0.1225 6.3636 0.1
0.125 6.30686 0.1
0.1275 6.24997 0.1
0.13 6.19291 0.1
0.1325 6.1357 0.1
0.135 6.07832 0.1
0.1375 6.02079 0.1
0.14 5.96309 0.1
0.1425 5.90524 0.1
0.145 5.84723 0.1
0.1475 5.78906 0.1
0.15 6.03906 0.1
0.1525 6.02905 0.1
0.155 6.019 0.1
0.1575 6.00891 0.1
0.16 5.99877 0.1
0.1625 5.98858 0.1
0.165 5.97835 0.1
0.1675 5.96808 0.1
0.17 5.95776 0.1
0.1725 5.9474 0.1
0.175 5.937 0.1
0.1775 5.92655 0.1
0.18 5.91605 0.1
0.1825 5.90551 0.1
0.185 5.89492 0.1
0.1875 5.88429 0.1
0.19 5.87362 0.1
0.1925 5.8629 0.1
0.195 5.85214 0.1
0.1975 5.84133 0.1
0.2 5.83047 0.1
0.2025 5.81957 0.1
0.205 5.80863 0.1
0.2075 5.79764 0.1
0.21 5.78661 0.1
0.2125 5.77553 0.1
0.215 5.7644 0.1
0.2175 5.75323 0.1
0.22 5.74202 0.1
0.2225 5.73076 0.1
0.225 5.71945 0.1
0.2275 5.7081 0.1
0.23 5.6967 0.1
0.2325 5.68526 0.1
0.235 5.67378 0.1
0.2375 5.66224 0.1
0.24 5.65067 0.1
0.2425 5.63904 0.1
0.245 5.62738 0.1
0.2475 5.61566 0.1
0.25 5.6039 0.1
0.2525 5.5921 0.1
0.255 5.58025 0.1
0.2575 5.56835 0.1
0.26 5.55641 0.1
0.2625 5.54443 0.1
0.265 5.5324 0.1
0.2675 5.52032 0.1
0.27 5.50819 0.1
0.2725 5.54764 0.1
0.275 5.54621 0.1
0.2775 5.54476 0.1
0.28 5.5433 0.1
0.2825 5.5418 0.1
0.285 5.54029 0.1
0.2875 5.53876 0.1
0.29 5.5372 0.1
0.2925 5.53563 0.1
0.295 5.53403 0.1
0.2975 5.53241 0.1
0.3 5.53076 0.1
0.3025 5.5291 0.1
0.305 5.52741 0.1
0.3075 5.5257 0.1
0.31 5.52397 0.1
0.3125 5.52222 0.1
0.315 5.52044 0.1
0.3175 5.51864 0.1
0.32 5.51682 0.1
0.3225 5.51498 0.1
0.325 5.51312 0.1
0.3275 5.51123 0.1
0.33 5.50932 0.1
0.3325 5.50739 0.1
0.335 5.50543 0.1
0.3375 5.50345 0.1
0.34 5.50145 0.1
0.3425 5.49943 0.1
0.345 5.49738 0.1
0.3475 5.49531 0.1
0.35 5.49322 0.1
0.3525 5.49111 0.1
0.355 5.48897 0.1
0.3575 5.48681 0.1
0.36 5.48462 0.1
0.3625 5.48242 0.1
0.365 5.48019 0.1
0.3675 5.47793 0.1
0.37 5.47566 0.1
0.3725 5.47336 0.1
0.375 5.47103 0.1
0.3775 5.46869 0.1
0.38 5.46632 0.1
0.3825 5.46393 0.1
0.385 5.46151 0.1
0.3875 5.45907 0.1
0.39 5.4566 0.1
0.3925 5.45412 0.1
0.395 5.45161 0.1
0.3975 5.44907 0.1
0.4 5.44651 0.1
0.4025 5.44393 0.1
0.405 5.44132 0.1
0.4075 5.43869 0.1
0.41 5.43604 0.1
0.4125 5.43336 0.1
0.415 5.43066 0.1
0.4175 5.42794 0.1
0.42 5.42519 0.1
0.4225 5.43794 0.1
0.425 5.43974 0.1
0.4275 5.44152 0.1
0.43 5.4433 0.1
0.4325 5.44505 0.1
0.435 5.44679 0.1
0.4375 5.44852 0.1
0.44 5.45023 0.1
0.4425 5.45193 0.1
0.445 5.45361 0.1
0.4475 5.45527 0.1
0.45 5.45692 0.1
0.4525 5.45855 0.1
0.455 5.46017 0.1
0.4575 5.46177 0.1
0.46 5.46336 0.1
0.4625 5.46493 0.1
0.465 5.46648 0.1
0.4675 5.46802 0.1
0.47 5.46954 0.1
0.4725 5.47105 0.1
0.475 5.47254 0.1
0.4775 5.47401 0.1
0.48 5.47547 0.1
0.4825 5.47691 0.1
0.485 5.47834 0.1
0.4875 5.47975 0.1
0.49 5.48114 0.1
0.4925 5.48251 0.1
0.495 5.48387 0.1
0.4975 5.48522 0.1
0.5 5.48654 0.1
0.5025 5.48785 0.1
0.505 5.48914 0.1
0.5075 5.49042 0.1
0.51 5.49168 0.1
0.5125 5.49292 0.1
0.515 5.49415 0.1
0.5175 5.49535 0.1
0.52 5.49655 0.1
0.5225 5.49772 0.1
0.525 5.49888 0.1
0.5275 5.50001 0.1
0.53 5.50114 0.1
0.5325 5.50224 0.1
0.535 5.50333 0.1
0.5375 5.5044 0.1
0.54 5.50545 0.1
0.5425 5.50649 0.1
0.545 5.5075 0.1
0.5475 5.5085 0.1
0.55 5.50949 0.1
0.5525 5.51045 0.1
0.555 5.5114 0.1
0.5575 5.51232 0.1
0.56 5.51324 0.1
0.5625 5.51413 0.1
0.565 5.515 0.1
0.5675 5.51586 0.1
0.57 5.5167 0.1
0.5725 5.51752 0.1
0.575 5.51832 0.1
0.5775 5.51911 0.1
0.58 5.51303 0.1
0.5825 5.51806 0.1
0.585 5.52309 0.1
0.5875 5.5281 0.1
0.59 5.53311 0.1
0.5925 5.53809 0.1
0.595 5.54307 0.1
0.5975 5.54804 0.1
0.6 5.55299 0.1
0.6025 5.55793 0.1
0.605 5.56285 0.1
0.6075 5.56777 0.1
0.61 5.57267 0.1
0.6125 5.57756 0.1
0.615 5.58243 0.1
0.6175 5.5873 0.1
0.62 5.59215 0.1
0.6225 5.59698 0.1
0.625 5.6018 0.1
0.6275 5.60661 0.1
0.63 5.61141 0.1
0.6325 5.61619 0.1
0.635 5.62096 0.1
0.6375 5.62572 0.1
0.64 5.63046 0.1
0.6425 5.63518 0.1
0.645 5.6399 0.1
0.6475 5.6446 0.1
0.65 5.64928 0.1
0.6525 5.65395 0.1
0.655 5.65861 0.1
0.6575 5.66325 0.1
0.66 5.66788 0.1
0.6625 5.6725 0.1
0.665 5.6771 0.1
0.6675 5.68168 0.1
0.67 5.68625 0.1
0.6725 5.69081 0.1
0.675 5.69535 0.1
0.6775 5.69987 0.1
0.68 5.70438 0.1
0.6825 5.70888 0.1
0.685 5.71336 0.1
0.6875 5.71783 0.1
0.69 5.72228 0.1
0.6925 5.72671 0.1
0.695 5.73113 0.1
0.6975 5.73553 0.1
0.7 5.73992 0.1
0.7025 5.7443 0.1
0.705 5.74865 0.1
0.7075 5.75299 0.1
0.71 5.75732 0.1
0.7125 5.76163 0.1
0.715 5.76592 0.1
0.7175 5.7702 0.1
0.72 5.77446 0.1
0.7225 5.77871 0.1
0.725 5.78294 0.1
0.7275 5.78715 0.1
0.73 5.75226 0.1
0.7325 5.76619 0.1
0.735 5.78011 0.1
0.7375 5.79402 0.1
0.74 5.80792 0.1
0.7425 5.82182 0.1
0.745 5.8357 0.1
0.7475 5.84958 0.1
0.75 5.86345 0.1
0.7525 5.87732 0.1
0.755 5.89117 0.1
0.7575 5.90501 0.1
0.76 5.91885 0.1
0.7625 5.93268 0.1
0.765 5.94649 0.1
0.7675 5.9603 0.1
0.77 5.9741 0.1
0.7725 5.98789 0.1
0.775 6.00167 0.1
0.7775 6.01543 0.1
0.78 6.02919 0.1
0.7825 6.04294 0.1
0.785 6.05667 0.1
0.7875 6.0704 0.1
0.79 6.08411 0.1
0.7925 6.09782 0.1
0.795 6.11151 0.1
0.7975 6.12519 0.1
0.8 6.13886 0.1
0.8025 6.15251 0.1
0.805 6.16616 0.1
0.8075 6.17979 0.1
0.81 6.19341 0.1
0.8125 6.20702 0.1
0.815 6.22061 0.1
0.8175 6.23419 0.1
0.82 6.24776 0.1
0.8225 6.26131 0.1
0.825 6.27486 0.1
0.8275 6.28838 0.1
0.83 6.3019 0.1
0.8325 6.3154 0.1
0.835 6.32888 0.1
0.8375 6.34236 0.1
0.84 6.35581 0.1
0.8425 6.36926 0.1
0.845 6.38268 0.1
0.8475 6.3961 0.1
0.85 6.40949 0.1
0.8525 6.17223 0.1
0.855 6.23182 0.1
0.8575 6.29142 0.1
0.86 6.35104 0.1
0.8625 6.41066 0.1
0.865 6.47029 0.1
0.8675 6.52994 0.1
0.87 6.58959 0.1
0.8725 6.64925 0.1
0.875 6.70892 0.1
0.8775 6.7686 0.1
0.88 6.82828 0.1
0.8825 6.88796 0.1
0.885 6.94765 0.1
0.8875 7.00734 0.1
0.89 7.06703 0.1
0.8925 7.12673 0.1
0.895 7.18643 0.1
0.8975 7.24612 0.1
0.9 7.30582 0.1
0.9025 7.36551 0.1
0.905 7.4252 0.1
0.9075 7.48489 0.1
0.91 7.54458 0.1
0.9125 7.60426 0.1
0.915 7.66393 0.1
0.9175 7.7236 0.1
0.92 7.78326 0.1
0.9225 7.84291 0.1
0.925 7.90255 0.1
0.9275 7.96218 0.1
0.93 8.02181 0.1
0.9325 8.08142 0.1
0.935 8.14102 0.1
0.9375 8.2006 0.1
0.94 7.53279 0.1
0.9425 7.93582 0.1
0.945 8.33894 0.1
0.9475 8.74215 0.1
0.95 9.14543 0.1
0.9525 9.54878 0.1
0.955 9.95219 0.1
0.9575 10.3556 0.1
0.96 10.7591 0.1
0.9625 11.1626 0.1
0.965 11.5662 0.1
0.9675 11.9697 0.1
0.97 12.3733 0.1
0.9725 12.7768 0.1
0.975 13.1803 0.1
0.9775 13.5838 0.1
0.98 13.9873 0.1
0.9825 14.3907 0.1
0.985 14.794 0.1
0.9875 15.1973 0.1
0.99 15.6005 0.1
0.9925 16.0037 0.1
0.995 16.4067 0.1
0.9975 16.8096 0.1
1 17.2125 0.1
0 5.35195 0.1
0.0025 5.22562 0.1
0.005 5.09916 0.1
0.0075 4.97258 0.1
0.01 4.84587 0.1
0.0125 4.71903 0.1
0.015 4.59207 0.1
0.0175 4.46499 0.1
0.02 4.33779 0.1
0.0225 4.21046 0.1
0.025 4.08301 0.1
0.0275 3.95544 0.1
0.03 3.82775 0.1
0.0325 3.69994 0.1
0.035 3.57201 0.1
0.0375 3.44397 0.1
0.04 3.3158 0.1
0.0425 3.18753 0.1
0.045 3.05913 0.1
0.0475 2.93062 0.1
0.05 2.802 0.1
0.0525 2.67327 0.1
0.055 2.54442 0.1
0.0575 2.41546 0.1
0.06 2.28639 0.1
0.0625 2.50353 0.1
0.065 2.48421 0.1
0.0675 2.46488 0.1
0.07 2.44552 0.1
0.0725 2.42615 0.1
0.075 2.40676 0.1
0.0775 2.38735 0.1
0.08 2.36792 0.1
0.0825 2.34847 0.1
0.085 2.32901 0.1
0.0875 2.30952 0.1
0.09 2.29002 0.1
0.0925 2.2705 0.1
0.095 2.25096 0.1
0.0975 2.2314 0.1
0.1 2.21182 0.1
0.1025 2.19223 0.1
0.105 2.17261 0.1
0.1075 2.15298 0.1
0.11 2.13333 0.1
0.1125 2.11367 0.1
0.115 2.09398 0.1
0.1175 2.07428 0.1
0.12 2.05456 0.1
0.1225 2.03482 0.1
0.125 2.01506 0.1
0.1275 1.99529 0.1
0.13 1.9755 0.1
0.1325 1.95569 0.1
0.135 1.93586 0.1
0.1375 1.91602 0.1
0.14 1.89616 0.1
0.1425 1.87628 0.1
0.145 1.85639 0.1
0.1475 1.83648 0.1
0.15 1.91425 0.1
0.1525 1.90958 0.1
0.155 1.9049 0.1
0.1575 1.90022 0.1
0.16 1.89554 0.1
0.1625 1.89084 0.1
0.165 1.88614 0.1
0.1675 1.88144 0.1
0.17 1.87673 0.1
0.1725 1.87202 0.1
0.175 1.8673 0.1
0.1775 1.86257 0.1
0.18 1.85784 0.1
0.1825 1.85311 0.1
0.185 1.84837 0.1
0.1875 1.84362 0.1
0.19 1.83887 0.1
0.1925 1.83411 0.1
0.195 1.82935 0.1
0.1975 1.82458 0.1
0.2 1.8198 0.1
0.2025 1.81503 0.1
0.205 1.81024 0.1
0.2075 1.80545 0.1
0.21 1.80066 0.1
0.2125 1.79586 0.1
0.215 1.79105 0.1
0.2175 1.78624 0.1
0.22 1.78143 0.1
0.2225 1.7766 0.1
0.225 1.77178 0.1
0.2275 1.76695 0.1
0.23 1.76211 0.1
0.2325 1.75727 0.1
0.235 1.75242 0.1
0.2375 1.74757 0.1
0.24 1.74271 0.1
0.2425 1.73785 0.1
0.245 1.73298 0.1
0.2475 1.72811 0.1
0.25 1.72323 0.1
0.2525 1.71834 0.1
0.255 1.71346 0.1
0.2575 1.70856 0.1
0.26 1.70366 0.1
0.2625 1.69876 0.1
0.265 1.69385 0.1
0.2675 1.68894 0.1
0.27 1.68402 0.1
0.2725 1.69484 0.1
0.275 1.69319 0.1
0.2775 1.69154 0.1
0.28 1.68989 0.1
0.2825 1.68823 0.1
0.285 1.68657 0.1
0.2875 1.68491 0.1
0.29 1.68324 0.1
0.2925 1.68158 0.1
0.295 1.67991 0.1
0.2975 1.67823 0.1
0.3 1.67656 0.1
0.3025 1.67488 0.1
0.305 1.6732 0.1
0.3075 1.67151 0.1
0.31 1.66983 0.1
0.3125 1.66814 0.1
0.315 1.66645 0.1
0.3175 1.66475 0.1
0.32 1.66305 0.1
0.3225 1.66135 0.1
0.325 1.65965 0.1
0.3275 1.65794 0.1
0.33 1.65624 0.1
0.3325 1.65452 0.1
0.335 1.65281 0.1
0.3375 1.65109 0.1
0.34 1.64937 0.1
0.3425 1.64765 0.1
0.345 1.64593 0.1
0.3475 1.6442 0.1
0.35 1.64247 0.1
0.3525 1.64074 0.1
0.355 1.639 0.1
0.3575 1.63726 0.1
0.36 1.63552 0.1
0.3625 1.63378 0.1
0.365 1.63203 0.1
0.3675 1.63029 0.1
0.37 1.62853 0.1
0.3725 1.62678 0.1
0.375 1.62502 0.1
0.3775 1.62326 0.1
0.38 1.6215 0.1
0.3825 1.61974 0.1
0.385 1.61797 0.1
0.3875 1.6162 0.1
0.39 1.61443 0.1
0.3925 1.61265 0.1
0.395 1.61088 0.1
0.3975 1.60909 0.1
0.4 1.60731 0.1
0.4025 1.60553 0.1
0.405 1.60374 0.1
0.4075 1.60195 0.1
0.41 1.60015 0.1
0.4125 1.59836 0.1
0.415 1.59656 0.1
0.4175 1.59476 0.1
0.42 1.59295 0.1
0.4225 1.59569 0.1
0.425 1.59522 0.1
0.4275 1.59476 0.1
0.43 1.59429 0.1
0.4325 1.59382 0.1
0.435 1.59335 0.1
0.4375 1.59287 0.1
0.44 1.5924 0.1
0.4425 1.59192 0.1
0.445 1.59144 0.1
0.4475 1.59096 0.1
0.45 1.59048 0.1
0.4525 1.59 0.1
0.455 1.58951 0.1
0.4575 1.58902 0.1
0.46 1.58853 0.1
0.4625 1.58804 0.1
0.465 1.58755 0.1
0.4675 1.58705 0.1
0.47 1.58655 0.1
0.4725 1.58606 0.1
0.475 1.58556 0.1
0.4775 1.58505 0.1
0.48 1.58455 0.1
0.4825 1.58404 0.1
0.485 1.58354 0.1
0.4875 1.58303 0.1
0.49 1.58251 0.1
0.4925 1.582 0.1
0.495 1.58149 0.1
0.4975 1.58097 0.1
0.5 1.58045 0.1
0.5025 1.57993 0.1
0.505 1.57941 0.1
0.5075 1.57888 0.1
0.51 1.57836 0.1
0.5125 1.57783 0.1
0.515 1.5773 0.1
0.5175 1.57677 0.1
0.52 1.57624 0.1
0.5225 1.5757 0.1
0.525 1.57517 0.1
0.5275 1.57463 0.1
0.53 1.57409 0.1
0.5325 1.57355 0.1
0.535 1.573 0.1
0.5375 1.57246 0.1
0.54 1.57191 0.1
0.5425 1.57136 0.1
0.545 1.57081 0.1
0.5475 1.57026 0.1
0.55 1.5697 0.1
0.5525 1.56915 0.1
0.555 1.56859 0.1
0.5575 1.56803 0.1
0.56 1.56747 0.1
0.5625 1.5669 0.1
0.565 1.56634 0.1
0.5675 1.56577 0.1
0.57 1.5652 0.1
0.5725 1.56463 0.1
0.575 1.56406 0.1
0.5775 1.56349 0.1
0.58 1.56097 0.1
0.5825 1.5616 0.1
0.585 1.56224 0.1
0.5875 1.56287 0.1
0.59 1.5635 0.1
0.5925 1.56414 0.1
0.595 1.56477 0.1
0.5975 1.56539 0.1
0.6 1.56602 0.1
0.6025 1.56665 0.1
0.605 1.56727 0.1
0.6075 1.5679 0.1
0.61 1.56852 0.1
0.6125 1.56914 0.1
0.615 1.56976 0.1
0.6175 1.57038 0.1
0.62 1.57099 0.1
0.6225 1.57161 0.1
0.625 1.57222 0.1
0.6275 1.57284 0.1
0.63 1.57345 0.1
0.6325 1.57406 0.1
0.635 1.57467 0.1
0.6375 1.57527 0.1
0.64 1.57588 0.1
0.6425 1.57648 0.1
0.645 1.57709 0.1
0.6475 1.57769 0.1
0.65 1.57829 0.1
0.6525 1.57889 0.1
0.655 1.57949 0.1
0.6575 1.58009 0.1
0.66 1.58068 0.1
0.6625 1.58127 0.1
0.665 1.58187 0.1
0.6675 1.58246 0.1
0.67 1.58305 0.1
0.6725 1.58364 0.1
0.675 1.58422 0.1
0.6775 1.58481 0.1
0.68 1.5854 0.1
0.6825 1.58598 0.1
0.685 1.58656 0.1
0.6875 1.58714 0.1
0.69 1.58772 0.1
0.6925 1.5883 0.1
0.695 1.58887 0.1
0.6975 1.58945 0.1
0.7 1.59002 0.1
0.7025 1.59059 0.1
0.705 1.59116 0.1
0.7075 1.59173 0.1
0.71 1.5923 0.1
0.7125 1.59287 0.1
0.715 1.59343 0.1
0.7175 1.594 0.1
0.72 1.59456 0.1
0.7225 1.59512 0.1
0.725 1.59568 0.1
0.7275 1.59624 0.1
0.73 1.58602 0.1
0.7325 1.58927 0.1
0.735 1.59251 0.1
0.7375 1.59575 0.1
0.74 1.599 0.1
0.7425 1.60224 0.1
0.745 1.60548 0.1
0.7475 1.60872 0.1
0.75 1.61195 0.1
0.7525 1.61519 0.1
0.755 1.61843 0.1
0.7575 1.62167 0.1
0.76 1.6249 0.1
0.7625 1.62814 0.1
0.765 1.63137 0.1
0.7675 1.6346 0.1
0.77 1.63783 0.1
0.7725 1.64106 0.1
0.775 1.64429 0.1
0.7775 1.64752 0.1
0.78 1.65075 0.1
0.7825 1.65398 0.1
0.785 1.65721 0.1
0.7875 1.66043 0.1
0.79 1.66366 0.1
0.7925 1.66688 0.1
0.795 1.6701 0.1
0.7975 1.67332 0.1
0.8 1.67654 0.1
0.8025 1.67976 0.1
0.805 1.68298 0.1
0.8075 1.6862 0.1
0.81 1.68942 0.1
0.8125 1.69263 0.1
0.815 1.69585 0.1
0.8175 1.69906 0.1
0.82 1.70227 0.1
0.8225 1.70548 0.1
0.825 1.70869 0.1
0.8275 1.7119 0.1
0.83 1.71511 0.1
0.8325 1.71832 0.1
0.835 1.72152 0.1
0.8375 1.72473 0.1
0.84 1.72793 0.1
0.8425 1.73113 0.1
0.845 1.73433 0.1
0.8475 1.73753 0.1
0.85 1.74073 0.1
0.8525 1.6759 0.1
0.855 1.69166 0.1
0.8575 1.70741 0.1
0.86 1.72317 0.1
0.8625 1.73893 0.1
0.865 1.75469 0.1
0.8675 1.77046 0.1
0.87 1.78622 0.1
0.8725 1.80198 0.1
0.875 1.81774 0.1
0.8775 1.83351 0.1
0.88 1.84927 0.1
0.8825 1.86503 0.1
0.885 1.8808 0.1
0.8875 1.89656 0.1
0.89 1.91233 0.1
0.8925 1.92809 0.1
0.895 1.94386 0.1
0.8975 1.95962 0.1
0.9 1.97538 0.1
0.9025 1.99115 0.1
0.905 2.00691 0.1
0.9075 2.02268 0.1
0.91 2.03844 0.1
0.9125 2.0542 0.1
0.915 2.06996 0.1
0.9175 2.08573 0.1
0.92 2.10149 0.1
0.9225 2.11725 0.1
0.925 2.13301 0.1
0.9275 2.14877 0.1
0.93 2.16453 0.1
0.9325 2.18028 0.1
0.935 2.19604 0.1
0.9375 2.2118 0.1
0.94 2.03146 0.1
0.9425 2.13984 0.1
0.945 2.24823 0.1
0.9475 2.35663 0.1
0.95 2.46503 0.1
0.9525 2.57344 0.1
0.955 2.68185 0.1
0.9575 2.79026 0.1
0.96 2.89868 0.1
0.9625 3.0071 0.1
0.965 3.11552 0.1
0.9675 3.22394 0.1
0.97 3.33236 0.1
0.9725 3.44078 0.1
0.975 3.5492 0.1
0.9775 3.65762 0.1
0.98 3.76604 0.1
0.9825 3.87445 0.1
0.985 3.98285 0.1
0.9875 4.09126 0.1
0.99 4.19965 0.1
0.9925 4.30805 0.1
0.995 4.41643 0.1
0.9975 4.52481 0.1
1 4.63318 0.1
